url_path,views_total,views_unique
/Julia-Tempering/Pigeons.jl,94,30
/Julia-Tempering/Pigeons.jl/pull/409,47,7
/Julia-Tempering/Pigeons.jl/blob/main/test/test_ext.jl,18,2
/Julia-Tempering/Pigeons.jl/pulls,17,8
/Julia-Tempering/Pigeons.jl/issues,14,9
/Julia-Tempering/Pigeons.jl/blob/main/test/test_DistributionLogPotential.jl,12,1
/Julia-Tempering/Pigeons.jl/tree/main/test,11,3
/Julia-Tempering/Pigeons.jl/tree/main/src,9,7
/Julia-Tempering/Pigeons.jl/blob/main/Project.toml,9,5
/Julia-Tempering/Pigeons.jl/pull/409/changes/0ef9985cfd0466c335941ec6b3c285065967b34b,9,2
