auto_mala: 1.470379396080898
nuts: 1.4919892696697932
