optimal_hmc: 1.2529843833072765
sparse_slicer: 1.0029731067146435
dense_slicer: 2.0023298237694633
nuts: 1.4794767889243037
hit_run: 1.7934000617466521
optimal_mala: 1.544452338924906
