optimal_hmc: 1.2623566948831149
sparse_slicer: 0.9988169205470538
dense_slicer: 2.0047705885890323
nuts: 1.3732833882116176
hit_run: 2.029276707993215
optimal_mala: 1.3773224831959998
