sparse_slicer: 0.9928877429760745
dense_slicer: 1.9928877429760747
nuts: 1.4563606406702367
hit_run: 1.7956033048890419
